0.8412698412698413
0.41043083900226757
0.42630385487528344
0.3968253968253968
0.3968253968253968
0.4671201814058957
0.4331065759637188
0.41496598639455784
0.3945578231292517
0.4013605442176871
0.40816326530612246
0.41950113378684806
0.4036281179138322
0.41496598639455784
0.3741496598639456
0.3922902494331066
0.3764172335600907
0.4331065759637188
0.4603174603174603
0.40589569160997735
0.4126984126984127
0.4217687074829932
0.37188208616780044
0.42403628117913833
0.3968253968253968
0.41723356009070295
0.39909297052154197
0.3673469387755102
0.39909297052154197
0.4036281179138322
0.4421768707482993
0.41723356009070295
0.3968253968253968
0.38095238095238093
0.39909297052154197
0.3968253968253968
0.4013605442176871
0.40816326530612246
0.38095238095238093
0.3922902494331066
0.41950113378684806
0.3922902494331066
0.41950113378684806
0.42630385487528344
0.3673469387755102
0.3854875283446712
0.3945578231292517
0.42403628117913833
0.41950113378684806
0.41723356009070295
0.47165532879818595
0.4399092970521542
0.3741496598639456
0.45351473922902497
0.41043083900226757
0.41496598639455784
0.46938775510204084
0.41043083900226757
0.41043083900226757
0.41723356009070295
0.4331065759637188
0.40589569160997735
0.4013605442176871
0.4036281179138322
0.4036281179138322
0.4036281179138322
0.4217687074829932
0.4467120181405896
0.4467120181405896
0.42857142857142855
0.43537414965986393
0.39909297052154197
0.3854875283446712
0.4671201814058957
0.4036281179138322
0.4489795918367347
0.42630385487528344
0.42630385487528344
0.4399092970521542
0.39909297052154197
0.46938775510204084
0.4489795918367347
0.41950113378684806
0.46938775510204084
0.3922902494331066
0.4489795918367347
0.4036281179138322
0.41950113378684806
0.36961451247165533
0.3922902494331066
0.37188208616780044
0.42857142857142855
0.41496598639455784
0.4467120181405896
0.3945578231292517
0.41950113378684806
0.4036281179138322
0.3968253968253968
0.4376417233560091
0.4308390022675737
