0.15984047461502798
0.0057346315026625076
0.006022713461979933
0.006121741635495299
0.006067726268123281
0.005788646870034525
0.005743634063891177
0.006058723706894612
0.005824657114949203
0.005788646870034525
0.006598877380614785
0.005743634063891177
0.006130744196723968
0.006220769809010663
0.005329516247372377
0.005806651992491864
0.006022713461979933
0.00649084664587075
0.005806651992491864
0.0054105392984304035
0.005581587961775125
0.00608573139058062
0.005905680166007229
0.00649084664587075
0.005896677604778559
0.00568961869651916
0.00587867248232122
0.005788646870034525
0.005608595645461133
0.0054105392984304035
0.0055635828393177855
0.0056716135740618205
0.0057346315026625076
0.006247777492696672
0.00586966992109255
0.006139746757952638
0.005455552104573751
0.006031716023208603
0.005851664798635212
0.005788646870034525
0.006067726268123281
0.005662611012833151
0.005770641747577186
0.00568061613529049
0.006211767247781994
0.006445833839727403
0.006076728829351951
0.006418826156041394
0.006139746757952638
0.005851664798635212
0.00588767504354989
0.005743634063891177
0.005806651992491864
0.0058426622374065425
0.005698621257747829
0.005896677604778559
0.005662611012833151
0.0056266007679184726
0.006166754441638646
0.005446549543345082
0.005635603329147142
0.00610373651303796
0.005977700655836585
0.005635603329147142
0.005698621257747829
0.005968698094607916
0.006328800543754698
0.006256780053925342
0.0054105392984304035
0.005221485512628343
0.005788646870034525
0.005194477828942334
0.005986703217065255
0.005923685288464568
0.006220769809010663
0.0061937621253246545
0.005608595645461133
0.005590590523003794
0.006166754441638646
0.006121741635495299
0.0056716135740618205
0.0050414342880549514
0.005554580278089117
0.005770641747577186
0.00588767504354989
0.006058723706894612
0.00568961869651916
0.0055185700331744384
0.006022713461979933
0.005698621257747829
0.006139746757952638
0.006067726268123281
0.005905680166007229
0.00568961869651916
0.006058723706894612
0.00608573139058062
0.005608595645461133
0.005545577716860447
0.0057346315026625076
0.006454836400956072
