0.9115767417496071
0.49696176008381354
0.5039811419591409
0.5001047668936616
0.5014667365112624
0.4955474070193819
0.4997904662126768
0.49392352016762703
0.5003666841278156
0.49523310633839707
0.4986380303823992
0.4957045573598743
0.5031953902566789
0.5022524882137245
0.49884756416972237
0.5017286537454164
0.4982713462545835
0.5003143006809848
0.5101623886851755
0.5030906233630172
0.4977475117862755
0.49837611314824515
0.5027239392352016
0.49476165531691985
0.5007333682556312
0.5051335777894186
0.49167103195390255
0.5018334206390781
0.5027763226820324
0.502357255107386
0.4979046621267679
0.4996333158721844
0.4970665269774751
0.4970141435306443
0.5022001047668937
0.5011524358302777
0.493137768465165
0.4972236773179675
0.4986380303823992
0.501047668936616
0.4971189104243059
0.5033525405971713
0.4935044525929806
0.5009952854897852
0.507386066003143
0.5027763226820324
0.5077003666841278
0.49680460974332113
0.5035096909376637
0.5053954950235725
0.49717129387113673
0.5
0.4991094814038764
0.4962283918281823
0.5027239392352016
0.493137768465165
0.49795704557359877
0.5025667888947093
0.5012572027239393
0.4993190151911996
0.5011524358302777
0.5
0.49869041382922996
0.4999476165531692
0.4991094814038764
0.4995285489785228
0.5029858564693557
0.49769512833944474
0.4935044525929806
0.5001047668936616
0.49779989523310636
0.5016762702985856
0.5037716081718177
0.49528548978522785
0.5028287061288633
0.4993190151911996
0.49664745940282873
0.49958093242535356
0.5031953902566789
0.5009952854897852
0.5025144054478785
0.49402828706128865
0.5035620743844945
0.49764274489261395
0.5033001571503405
0.501047668936616
0.49167103195390255
0.5030906233630172
0.4927710843373494
0.5072289156626506
0.4996856993190152
0.49418543740178106
0.4991618648507072
0.4979046621267679
0.4992666317443688
0.5
0.4967522262964903
0.5052907281299109
0.5037716081718177
0.5022524882137245
